9780003750300
9780007109760
9780007129850
9780007145164
9780007150168
9780007163465
9780007196449
9780007196456
9780007210138
9780007229741
9780007269211
9780007363827
9780007391387
9780007423736
9780007450886
9780007502424
9780008127565
9780008135812
9780008290313
9780008290320
9780008290337
9780008290344
9780008290368
9780008290375
9780008319991
9780028627076
9780028639703
9780030839931
9780060005689
9780060005696
9780060541750
9780060554736
9780060584382
9780060699765
9780060753641
9780060782474
9780060839253
9780060851729
9780060928971
9780060935443
9780060958589
9780061138096
9780061241895
9780061339202
9780061353239
9780061376078
9780061537943
9780061579158
9780061664618
9780061766213
9780061992100
9780061999970
9780062113375
9780062208965
9780062265425
9780062273208
9780062326034
9780062344380
9780062358295
9780062376978
9780062405289
9780062407818
9780062440518
9780062457738
9780062469809
9780062562067
9780062657145
9780062684073
9780062803832
9780062868879
9780062888433
9780070170599
9780070194847
9780070197831
9780070197848
9780070257344
9780070459212
9780070471702
9780070542358
9780070648104
9780070667723
9780070877306
9780071342209
9780071355148
9780071363082
9780071364553
9780071370677
9780071377645
9780071387736
9780071399227
9780071408271
9780071419833
9780071420204
9780071425858
9780071425919
9780071428644
9780071432115
9780071441322
9780071442602
9780071451376
9780071453929
9780071461078
9780071461931
9780071475297
9780071478939
9780071482844
9780071482851
9780071488341
9780071546058
9780071593922
9780071594363
9780071598798
9780071599627
9780071600354
9780071600378
9780071600385
9780071600392
9780071601221
9780071609128
9780071611695
9780071638159
9780071638180
9780071638197
9780071639309
9780071701969
9780071718080
9780071742030
9780071742078
9780071747127
9780071747134
9780071747158
9780071748377
9780071753685
9780071753852
9780071759731
9780071761796
9780071763608
9780071770910
9780071772778
9780071780728
9780071780773
9780071784245
9780071791243
9780071791267
9780071798846
9780071802093
9780071802413
9780071802437
9780071802604
9780071802888
9780071803755
9780071803847
9780071803922
9780071805919
9780071807357
9780071808354
9780071817837
9780071820165
9780071820172
9780071821414
9780071823609
9780071823982
9780071828628
9780071832922
9780071834292
9780071836203
9780071840514
9780071849104
9780072448481
9780073385037
9780073398242
9780073402697
9780073529585
9780075416524
9780077861605
9780078021541
9780078458132
9780080100210
9780080331805
9780080449111
9780081001820
9780081007655
9780099542254
9780099586395
9780123725783
9780123821881
9780123849250
9780123849472
9780123850263
9780124158498
9780124454903
9780128009239
9780128009536
9780128014073
9780128094105
9780128177969
9780130486370
9780130950697
9780131911758
9780131991286
9780132931281
9780133016154
9780134072968
9780134385129
9780134998138
9780135026458
9780135927830
9780136303282
9780140027686
9780140049978
9780140107814
9780140118131
9780140132700
9780140148756
9780140256352
9780140288261
9780140442106
9780140449891
9780140515022
9780141012117
9780141032726
9780141901251
9780141938363
9780141949765
9780141959696
9780143068273
9780143104094
9780143111726
9780143118756
9780143130727
9780143131595
9780143333661
9780143415404
9780143424789
9780143425021
9780143425137
9780143427537
9780143428015
9780143428022
9780143428039
9780143428985
9780143442318
9780190078171
9780190213244
9780190222703
9780190226923
9780190280123
9780190462543
9780190462758
9780190605766
9780190627126
9780190654368
9780191001758
9780191044533
9780191064319
9780191084416
9780191089480
9780191090318
9780191634048
9780191821752
9780192536778
9780192536792
9780192543578
9780192545282
9780192563804
9780192564498
9780192566508
9780192572943
9780192578792
9780192579706
9780192831279
9780192840974
9780192854056
9780194309226
9780194309233
9780194312431
9780194313513
9780194315432
9780194315845
9780194317238
9780194351928
9780194352031
9780194369763
9780194534000
9780194534017
9780194620000
9780194620123
9780194740104
9780195079937
9780195083415
9780195110609
9780195116052
9780195117653
9780195123937
9780195130799
9780195138542
9780195168327
9780195169478
9780195179187
9780195182866
9780195314052
9780195378320
9780195517330
9780195622379
9780195628166
9780195632989
9780195637984
9780195639216
9780195644456
9780195645835
9780195656107
9780195665284
9780195683974
9780195796674
9780197136065
9780198066446
9780198068679
9780198075929
9780198234104
9780198284635
9780198408321
9780198527114
9780198570097
9780198612506
9780198641117
9780198691518
9780198702603
9780198704898
9780198728795
9780198743538
9780198747956
9780198755470
9780198755708
9780198787945
9780198792956
9780198794738
9780198795940
9780198821915
9780198822370
9780198828549
9780198831747
9780199087860
9780199211289
9780199219650
9780199232710
9780199248025
9780199283460
9780199324576
9780199373895
9780199399482
9780199552023
9780199574612
9780199606412
9780199642878
9780199656172
9780199658237
9780199685295
9780199760343
9780199782864
9780199841257
9780199873654
9780201054828
9780201083491
9780201134476
9780201607338
9780201657029
9780201853926
9780203136157
9780203302750
9780203426401
9780203448700
9780203642702
9780203882337
9780203928202
9780203937631
9780203967836
9780205029402
9780205584567
9780205599097
9780205886999
9780226619507
9780226731629
9780230218352
9780230249240
9780230604582
9780230608528
9780231114356
9780231125376
9780231137751
9780231137867
9780231144841
9780231152808
9780231156554
9780231184380
9780231187626
9780231548236
9780240808628
9780241188743
9780241205914
9780241209363
9780241225998
9780241292440
9780241298961
9780241301104
9780241301913
9780241302316
9780241302323
9780241316696
9780241317808
9780241350744
9780241353387
9780241373477
9780241394519
9780241412732
9780262015066
9780262350914
9780263267518
9780275950675
9780275986964
9780295806396
9780299192044
9780300096897
9780300221459
9780300222807
9780300230321
9780307273604
9780307352149
9780307357274
9780307379412
9780307408921
9780307454393
9780307465351
9780307529114
9780307562395
9780307887894
9780309060912
9780312186791
9780312270827
9780312307448
9780312338534
9780312364694
9780312426026
9780312463199
9780312555139
9780312956844
9780313299919
9780313351570
9780313356582
9780316029193
9780316113502
9780316219136
9780316219181
9780316273718
9780316358040
9780316389709
9780316441636
9780316729819
9780321173850
9780321856562
9780323598200
9780333623114
9780333740897
9780333961803
9780333988534
9780345391803
9780345479174
9780345518194
9780345816023
9780367190149
9780373892440
9780374275631
9780374522070
9780374711382
9780375406195
9780375427961
9780375504334
9780380815265
9780383798008
9780385177696
9780385338950
9780385344982
9780385480017
9780385531917
9780387310732
9780387322896
9780387338422
9780387746463
9780393020250
9780393079364
9780393245530
9780393320275
9780393356465
9780393614275
9780393635324
9780393700954
9780394404288
9780399163463
9780399165245
9780399168192
9780399537639
9780399576065
9780399579950
9780399581403
9780399592805
9780405028014
9780415000727
9780415030243
9780415036498
9780415051071
9780415056656
9780415079655
9780415082020
9780415091961
9780415092029
9780415092043
9780415092050
9780415100038
9780415100069
9780415101912
9780415108041
9780415110099
9780415110877
9780415113861
9780415117999
9780415120890
9780415121033
9780415121095
9780415127912
9780415129367
9780415137911
9780415137928
9780415150323
9780415155397
9780415157469
9780415157520
9780415160391
9780415161336
9780415161404
9780415170987
9780415171120
9780415183178
9780415184489
9780415187886
9780415193849
9780415193863
9780415194785
9780415206723
9780415206754
9780415206778
9780415207065
9780415215275
9780415221610
9780415224390
9780415234122
9780415237833
9780415237864
9780415240482
9780415242561
9780415261166
9780415261197
9780415270939
9780415273046
9780415273374
9780415274432
9780415276795
9780415281546
9780415281959
9780415284073
9780415299534
9780415301824
9780415305204
9780415310772
9780415316330
9780415316743
9780415317030
9780415325141
9780415328104
9780415328180
9780415329200
9780415331630
9780415331654
9780415334280
9780415336512
9780415342490
9780415347174
9780415355018
9780415355025
9780415362689
9780415362757
9780415381291
9780415404693
9780415410410
9780415410427
9780415415408
9780415419567
9780415430975
9780415434171
9780415444347
9780415450546
9780415453899
9780415469418
9780415478861
9780415490634
9780415496315
9780415498555
9780415499668
9780415517263
9780415523806
9780415524070
9780415538497
9780415547147
9780415555210
9780415557153
9780415560917
9780415567251
9780415576611
9780415586955
9780415587723
9780415593304
9780415595605
9780415603843
9780415610124
9780415610131
9780415616522
9780415616539
9780415623964
9780415700603
9780415710435
9780415723626
9780415726016
9780415726856
9780415774871
9780415775304
9780415776820
9780415783781
9780415827386
9780415833226
9780415833233
9780415833264
9780415834889
9780415910033
9780415921282
9780425284629
9780425284711
9780441013593
9780444530912
9780446199742
9780446393539
9780446548151
9780446567404
9780451205360
9780451496713
9780451496812
9780452264366
9780452272811
9780470009796
9780470120552
9780470175330
9780470180761
9780470182017
9780470182314
9780470227190
9780470287224
9780470376287
9780470389751
9780470390733
9780470479773
9780470596180
9780470658994
9780470659014
9780470841167
9780470932926
9780471180036
9780471198260
9780471215578
9780471269892
9780471270478
9780471309321
9780471321682
9780471414827
9780471489436
9780471536710
9780471584551
9780471621997
9780471668268
9780471691587
9780471732785
9780471789017
9780471859147
9780471873730
9780486122588
9780486146164
9780486146614
9780486152806
9780486160368
9780486230580
9780486233345
9780486245805
9780486256948
9780486273679
9780486277097
9780486404738
9780486497167
9780486648569
9780486653556
9780486782973
9780486794990
9780486801445
9780486804798
9780486806440
9780486813660
9780486813929
9780486821597
9780491017374
9780497834760
9780497900182
9780497913274
9780500295168
9780505527950
9780511245589
9780517226780
9780520031838
9780520070172
9780520231054
9780520238992
9780520252967
9780520270909
9780520285293
9780520286214
9780520292000
9780520325128
9780521071253
9780521147859
9780521368407
9780521460811
9780521466295
9780521498692
9780521513852
9780521516259
9780521570626
9780521575720
9780521587129
9780521679718
9780521683692
9780521689397
9780521761147
9780521816205
9780521830614
9780521833455
9780521879019
9780521879415
9780521899598
9780525533580
9780525536512
9780525540281
9780525568056
9780525939047
9780525950677
9780534936846
9780544556386
9780544569621
9780544748996
9780544817333
9780544817340
9780553277579
9780553352757
9780553380019
9780553805376
9780553814750
9780554376011
9780557388493
9780563371021
9780563487029
9780566086397
9780567254023
9780571297955
9780571308941
9780571323906
9780572033293
9780572033354
9780575082441
9780578033952
9780582400184
9780582501096
9780582525870
9780582784550
9780590130820
9780590300650
9780595243891
9780609802861
9780631185550
9780631214816
9780631232933
9780648331506
9780668036177
9780670024964
9780670031665
9780670086627
9780670087327
9780670089734
9780670089826
9780670089901
9780670090051
9780670090303
9780670091409
9780670092093
9780670891924
9780671425173
9780671659912
9780671741907
9780671865511
9780674003347
9780674032262
9780674036130
9780674059948
9780674558502
9780674725232
9780674954670
9780674979406
9780674980600
9780679407737
9780679603788
9780679603948
9780679643883
9780679727835
9780684313504
9780684833392
9780688155308
9780689843358
9780691011257
9780691037677
9780691092416
9780691151649
9780691166933
9780691182797
9780691196350
9780692224960
9780692881958
9780700703128
9780702052309
9780706404333
9780713675009
9780715386859
9780716711179
9780718194796
9780736059725
9780736062039
9780736072298
9780736090360
9780736937580
9780738234687
9780740773136
9780742535954
9780746007044
9780748406609
9780748611812
9780749431921
9780749451448
9780749454593
9780749463649
9780749474300
9780749929107
9780750436878
9780750634472
9780750652933
9780750674034
9780750677820
9780750678926
9780751300703
9780751307665
9780751321678
9780751540413
9780752856247
9780753828526
9780754646044
9780754662143
9780756602154
9780756604950
9780756605353
9780756609238
9780756610678
9780756612955
9780756612979
9780756612986
9780756613020
9780756613044
9780756613587
9780756614096
9780756614348
9780756617516
9780756619527
9780756619626
9780756619787
9780756619800
9780756619862
9780756620783
9780756622145
9780756622152
9780756622350
9780756622879
9780756625627
9780756626075
9780756626914
9780756628468
9780756629021
9780756629168
9780756629267
9780756630096
9780756630140
9780756630157
9780756630157
9780756630164
9780756630171
9780756630195
9780756630331
9780756630348
9780756631024
9780756631338
9780756631765
9780756633677
9780756633714
9780756633738
9780756633745
9780756633837
9780756634179
9780756636777
9780756636845
9780756637491
9780756637644
9780756637712
9780756637743
9780756638368
9780756639792
9780756639976
9780756640880
9780756641153
9780756641979
9780756642747
9780756642785
9780756642785
9780756642808
9780756642839
9780756649838
9780756651886
9780756651978
9780756653996
9780756654429
9780756655112
9780756655150
9780756655303
9780756655518
9780756655709
9780756655839
9780756656461
9780756656737
9780756656966
9780756656973
9780756657284
9780756657345
9780756657598
9780756657932
9780756658182
9780756658236
9780756658694
9780756659103
9780756659981
9780756661656
9780756662097
9780756662769
9780756662790
9780756663001
9780756663506
9780756665319
9780756665562
9780756666071
9780756667306
9780756667399
9780756668617
9780756668716
9780756668815
9780756670016
9780756671846
9780756672300
9780756673192
9780756673437
9780756673765
9780756673918
9780756673949
9780756675547
9780756675561
9780756675578
9780756675844
9780756682224
9780756682323
9780756682361
9780756683825
9780756686000
9780756686055
9780756686796
9780756686819
9780756687120
9780756688196
9780756688257
9780756688318
9780756688325
9780756688868
9780756689056
9780756689230
9780756689322
9780756689384
9780756689704
9780756689780
9780756690540
9780756695484
9780756695736
9780756697938
9780756698270
9780756791094
9780760770832
9780761123699
9780761139287
9780761174707
9780761442752
9780761925101
9780762101856
9780762415328
9780762458868
9780763704339
9780763712945
9780763739188
9780763740771
9780763745004
9780763747930
9780763754488
9780763754501
9780763755393
9780763757410
9780763760533
9780763761837
9780763771546
9780763772536
9780763779092
9780764102851
9780764114298
9780764347917
9780765618139
9780765623102
9780767916806
9780768927191
9780770434519
9780770434816
9780771038501
9780771038686
9780771047848
9780773720930
9780781774673
9780781777186
9780785808718
9780786498635
9780787225247
9780787662653
9780787673307
9780787673314
9780787673321
9780787673338
9780787673345
9780787673352
9780787673376
9780787673383
9780787694029
9780787970710
9780787971373
9780787996123
9780788740398
9780789212061
9780789444424
9780789462954
9780789483959
9780789485502
9780789485533
9780789488671
9780789488695
9780789489586
9780789490445
9780789492692
9780789497598
9780791470657
9780800729585
9780801426537
9780802473158
9780804705233
9780804705257
9780804705271
9780804732123
9780804745963
9780804761970
9780804786379
9780804791632
9780804799003
9780804804066
9780804816854
9780804816861
9780804820790
9780804821292
9780804830270
9780804834827
9780804838153
9780804838382
9780804839150
9780804849326
9780804849920
9780804850285
9780804852463
9780805210316
9780805859676
9780806526591
9780807003374
9780807014264
9780807059098
9780807753132
9780807828250
9780809323333
9780810394162
9780810855038
9780811201186
9780811223874
9780812039917
9780812968255
9780812976724
9780812977363
9780812981605
9780812997798
9780813532776
9780813535203
9780813535791
9780813564197
9780814407479
9780814408605
9780814409527
9780814416099
9780814438879
9780814439029
9780814439739
9780814471623
9780814472583
9780814474600
9780814479940
9780815729105
9780816057863
9780816059041
9780816059799
9780816063864
9780816077014
9780816079414
9780816080557
9780816618910
9780821367490
9780821816486
9780821816493
9780822321934
9780822330080
9780822343127
9780822368823
9780823014019
9780823264902
9780823264926
9780823276691
9780824704056
9780824718176
9780824808686
9780824811495
9780824821722
9780824822293
9780824823436
9780824824181
9780824825690
9780824825805
9780824829988
9780824830908
9780824831653
9780824833879
9780824834500
9780826128638
9780826128768
9780826344779
9780834219526
9780834800885
9780842350358
9780844284347
9780849303203
9780849320149
9780850303377
9780857083715
9780857084064
9780857087768
9780857388322
9780857728432
9780864314789
9780865479937
9780865620681
9780865620872
9780865713772
9780865719101
9780870135101
9780872233843
9780872598799
9780872879379
9780873378307
9780873379250
9780873644976
9780873645157
9780874779622
9780877790518
9780879500030
9780882409139
9780888822321
9780890067543
9780891420392
9780892131020
9780892131341
9780892132706
9780892132867
9780892133529
9780892811380
9780898715743
9780906717400
9780911206227
9780912776415
9780914094142
9780915145799
9780930323844
9780930323875
9780932040572
9780935702422
9780938676010
9780940208377
9780947259044
9780955847608
9780957952850
9780962067167
9780962962875
9780963530936
9780964010901
9780964856103
9780964948846
9780965993036
9780968893708
9780970473363
9780970539229
9780970661111
9780970700605
9780970700612
9780972517409
9780974199535
9780974204512
9780974937366
9780977872725
9780977872756
9780979391613
9780979416361
9780979860553
9780980429718
9780981185507
9780982232408
9780982426500
9780983034407
9780983390428
9780983640073
9780987300966
9780990724339
9780991607402
9780994002716
9780996550680
9780997082302
9780998076416
9780998294506
9781072739791
9781093307047
9781093933338
9781096250685
9781099129476
9781101098127
9781101130384
9781101475973
9781101651070
9781101993309
9781107004658
9781107033399
9781107050402
9781107088283
9781107108295
9781107138698
9781107156050
9781107170711
9781107189638
9781107464407
9781107606302
9781107620698
9781107643239
9781108460460
9781108717779
9781108755528
9781110768974
9781111344498
9781118061145
9781118063309
9781118066515
9781118140987
9781118143308
9781118176832
9781118354933
9781118369395
9781118451502
9781118464205
9781118464212
9781118464229
9781118498934
9781118539279
9781118544525
9781118582305
9781118592113
9781118714874
9781118732922
9781118853757
9781118936818
9781118936887
9781118980583
9781118995570
9781118998656
9781119048336
9781119096573
9781119108412
9781119147343
9781119191834
9781119212416
9781119219606
9781119224334
9781119245513
9781119274902
9781119306481
9781119317968
9781119335573
9781119363736
9781119371878
9781119476382
9781119496601
9781119496656
9781119503682
9781119514923
9781119520382
9781119533122
9781119571216
9781119583554
9781119589617
9781119603825
9781120156488
9781133626985
9781137276940
9781137309761
9781137325785
9781137340825
9781137367754
9781137411730
9781137454423
9781137499073
9781137513205
9781137523976
9781137534040
9781137548610
9781137567086
9781137601230
9781137601537
9781138024250
9781138063204
9781138069411
9781138088061
9781138094864
9781138295186
9781138339262
9781138359420
9781138501256
9781138551671
9781138580701
9781138605831
9781138676480
9781138686540
9781138697058
9781138748576
9781138778696
9781138779075
9781138801806
9781138839656
9781138851207
9781138949683
9781138949881
9781138958128
9781138958241
9781138958272
9781138958401
9781152872882
9781153021043
9781175139689
9781177762427
9781250041128
9781250127570
9781250156945
9781250301697
9781259064128
9781259583384
9781259584510
9781259586361
9781259642371
9781259835353
9781259836077
9781259836398
9781259862823
9781259903885
9781259911255
9781260010725
9781260019278
9781260120905
9781260120912
9781260120950
9781260120998
9781260121032
9781260121056
9781260121599
9781260121650
9781260121667
9781260121674
9781260121711
9781260128611
9781260132045
9781260143720
9781260143751
9781260143775
9781260143799
9781260153149
9781260442038
9781260452433
9781260453300
9781260453430
9781260453454
9781260455779
9781285866307
9781292021423
9781292066783
9781292082950
9781292083612
9781292096933
9781292222820
9781315154053
9781315185675
9781315648552
9781316539095
9781316629888
9781317589457
9781317917847
9781319030650
9781328465801
9781337090568
9781349272723
9781349440573
9781349442454
9781349442775
9781349488124
9781349497874
9781349578528
9781349718443
9781349845286
9781349953479
9781351079655
9781351080132
9781351240796
9781351343060
9781351373654
9781351470636
9781386134503
9781400024520
9781400043668
9781400062751
9781400063901
9781400067824
9781400205509
9781401309299
9781401405229
9781402031212
9781402035265
9781402060984
9781402151538
9781402179655
9781402202698
9781402208102
9781402211171
9781402213588
9781402217906
9781402219160
9781402242045
9781402242472
9781402280641
9781402280917
9781402293375
9781402709326
9781402711480
9781403941695
9781403969255
9781403989826
9781403996855
9781405106818
9781405114882
9781405116909
9781405121538
9781405131612
9781405135603
9781405141505
9781405149235
9781405155984
9781405196819
9781405317672
9781405320412
9781405331630
9781405337113
9781405346931
9781405355247
9781405364270
9781405871303
9781408102022
9781408154762
9781408162644
9781408190654
9781408839980
9781408864371
9781408871331
9781409059196
9781409076667
9781411636606
9781412921770
9781412941648
9781412962162
9781414327891
9781414410890
9781414410951
9781416597711
9781416953814
9781419661051
9781420064490
9781420078725
9781422422465
9781422463239
9781426218118
9781426218361
9781426219733
9781426220036
9781426895807
9781427797193
9781429239981
9781429239998
9781429278393
9781435142244
9781435715974
9781437724172
9781438428413
9781438428420
9781438431994
9781438468204
9781439834169
9781439853832
9781439869147
9781439869185
9781439873588
9781440235320
9781440311444
9781440319693
9781440336164
9781440350948
9781440461545
9781440492945
9781440543906
9781440563591
9781440573088
9781440573118
9781440580857
9781440582158
9781440583810
9781441978738
9781442230613
9781442239067
9781442266988
9781443850728
9781444458220
9781444759549
9781448847983
9781449333898
9781449334185
9781449499235
9781449793289
9781450414852
9781450429290
9781450441735
9781450469104
9781450484657
9781450560184
9781451194258
9781451556247
9781451612578
9781451624458
9781451636017
9781451650129
9781452127163
9781455704187
9781457187520
9781460751466
9781461377160
9781461493624
9781462523023
9781462900664
9781462901753
9781462910182
9781462914760
9781462917198
9781463750350
9781465401922
9781465401939
9781465402141
9781465402202
9781465405920
9781465408440
9781465408495
9781465408518
9781465408563
9781465408822
9781465414342
9781465415769
9781465415790
9781465415820
9781465415851
9781465415868
9781465416049
9781465419552
9781465419590
9781465419651
9781465419682
9781465420138
9781465420381
9781465420466
9781465421036
9781465422897
9781465429797
9781465429803
9781465429872
9781465429889
9781465429896
9781465433596
9781465435354
9781465435422
9781465435842
9781465435941
9781465436078
9781465436306
9781465436313
9781465436320
9781465436504
9781465436993
9781465437990
9781465438058
9781465441454
9781465442376
9781465444011
9781465444158
9781465444264
9781465445100
9781465445247
9781465445605
9781465445858
9781465445919
9781465446008
9781465446060
9781465451422
9781465451545
9781465453358
9781465453402
9781465456601
9781465457592
9781465457691
9781465458384
9781465458940
9781465459640
9781465461872
9781465461995
9781465462077
9781465462398
9781465462589
9781465464132
9781465464187
9781465464835
9781465467850
9781465468611
9781465469328
9781465469496
9781465470317
9781465472854
9781465473233
9781465473424
9781465473462
9781465473844
9781465474766
9781465475855
9781465479556
9781465479563
9781465480316
9781465480330
9781465480774
9781465481153
9781465482488
9781465484697
9781465492616
9781466432901
9781466568099
9781466890244
9781468485288
9781472417770
9781472512475
9781472820150
9781473211612
9781473505216
9781473554719
9781473671256
9781474226356
9781475828689
9781476670485
9781476754482
9781477544587
9781477809235
9781478001461
9781479827466
9781480400849
9781482014099
9781482214611
9781482215922
9781482549706
9781482618167
9781484202517
9781484218914
9781484232521
9781484237861
9781484239032
9781484240953
9781484241301
9781484242179
9781484242728
9781484243909
9781484244500
9781484244531
9781484253908
9781487503710
9781490878003
9781491985045
9781492510383
9781492572602
9781492775973
9781493761227
9781493912766
9781493936564
9781494949464
9781495320484
9781495330728
9781495600890
9781496351500
9781496402134
9781498743457
9781498751032
9781498751308
9781498769310
9781498772334
9781499101331
9781500848101
9781501127755
9781501141096
9781501144318
9781501172762
9781501178726
9781501179884
9781501187285
9781501187629
9781501705120
9781503286726
9781506208671
9781507207123
9781508257950
9781509517084
9781509852390
9781510728486
9781510735804
9781510738997
9781514109328
9781514756638
9781514891742
9781517518776
9781517533854
9781518809651
9781519098443
9781519488626
9781520343846
9781521028551
9781521150320
9781521818237
9781521995082
9781522922841
9781523504459
9781523505746
9781523978717
9781527515994
9781529309355
9781530654604
9781532852077
9781532943423
9781535198561
9781538759639
9781540552631
9781540792440
9781542044165
9781542612999
9781546372868
9781548063894
9781549679469
9781549740510
9781556438004
9781556527821
9781557531841
9781558607408
9781559393003
9781560973546
9781560974765
9781560975311
9781560975779
9781561630127
9781561630202
9781561841608
9781562542528
9781563680434
9781563686788
9781564147226
9781565895201
9781566392235
9781568365268
9781568812731
9781568813165
9781568817101
9781569757796
9781571747464
9781573447829
9781576071069
9781576079072
9781576603314
9781576854044
9781576854150
9781576854235
9781576854259
9781576855348
9781576855621
9781578266135
9781578267187
9781578591541
9781578631391
9781578635030
9781579584412
9781580053891
9781580176743
9781580539579
9781581153095
9781582555102
9781582972534
9781582979991
9781583334386
9781583944448
9781583948538
9781584881490
9781584884163
9781584884354
9781584886815
9781585427680
9781587541001
9781588360588
9781588901224
9781589017405
9781589234093
9781589390393
9781589490260
9781590308868
9781591138976
9781591260028
9781591792604
9781591841005
9781591842804
9781591843474
9781591844099
9781591844723
9781591845324
9781591846352
9781591847816
9781592000074
9781592232666
9781592333554
9781592333585
9781592335091
9781592337200
9781592403288
9781592537259
9781592537679
9781592801985
9781593157241
9781593279509
9781593373092
9781593391157
9781593392666
9781593393823
9781593393908
9781593393915
9781593395100
9781593455040
9781593764289
9781594200694
9781594201035
9781594205842
9781594741548
9781594772092
9781595586186
9781597400084
9781597499897
9781597977296
9781598390773
9781598638530
9781598842944
9781599153391
9781599217796
9781599730042
9781600051074
9781600442629
9781600571343
9781600580666
9781600580697
9781600581939
9781602060517
9781602392410
9781602393455
9781602930001
9781604590951
9781604693881
9781605068497
9781605295565
9781605470528
9781606802397
9781607747307
9781608079704
9781608827893
9781610697651
9781611686036
9781611803594
9781611804775
9781611805826
9781611807110
9781611862003
9781611974416
9781612346946
9781612430270
9781612431352
9781612435770
9781612436302
9781612680187
9781612680200
9781613398470
9781614295303
9781614348856
9781614518174
9781615301027
9781615301089
9781615301133
9781615301188
9781615301232
9781615302017
9781615302024
9781615303199
9781615303304
9781615303809
9781615303823
9781615304035
9781615305377
9781615305421
9781615305438
9781615305841
9781615470532
9781616080587
9781616082604
9781616149291
9781617038020
9781617039058
9781617292422
9781617293344
9781617293450
9781617294051
9781617560446
9781618212436
9781618212467
9781618212498
9781618212528
9781619306783
9781620555163
9781620558188
9781620558812
9781620877999
9781621451099
9781622038893
9781623157166
9781623158286
9781623172268
9781623361853
9781623363581
9781623652463
9781623652470
9781624120930
9781626253711
9781626361577
9781626614819
9781627780414
9781631591228
9781631592904
9781632205254
9781633222953
9781633223639
9781633223646
9781633226432
9781633690196
9781633690967
9781633691247
9781633693159
9781635651751
9781641601627
9781643270012
9781680500400
9781683503835
9781683921806
9781717084125
9781717265302
9781718170896
9781718190931
9781719183680
9781721400195
9781722057695
9781729700006
9781733563086
9781741759129
9781760630492
9781760851125
9781780273365
9781780420899
9781780764047
9781780920412
9781781477526
9781781593486
9781782342854
9781782344032
9781782345817
9781782346067
9781782346081
9781782346241
9781782346777
9781782346791
9781782348078
9781782348108
9781782348399
9781782405535
9781782550020
9781782550426
9781783098149
9781783109371
9781783330041
9781783330218
9781783330447
9781783332557
9781783332717
9781783332731
9781783332755
9781783332793
9781783336128
9781783336333
9781783336357
9781783337040
9781783337811
9781783338306
9781783338320
9781783338344
9781783338368
9781783526819
9781784287658
9781784395148
9781784398255
9781784993351
9781785000478
9781785461286
9781786560551
9781786858023
9781787121485
9781787330672
9781788161367
9781788991018
9781788991445
9781789341096
9781791756956
9781792956805
9781796431568
9781796751253
9781798523001
9781799147565
9781838827366
9781840245578
9781841138763
9781841262482
9781841931203
9781843549604
9781844484515
9781845117191
9781845282929
9781845283414
9781845422400
9781846192418
9781846288869
9781846680793
9781846683985
9781846684142
9781846684807
9781846942983
9781847398079
9781847978240
9781847979605
9781848165328
9781848375369
9781848853751
9781848855779
9781849694766
9781851099290
9781851969418
9781853434488
9781853597947
9781854186737
9781855322097
9781855323520
9781857037852
9781857435528
9781859734001
9781859840542
9781859843826
9781861891471
9781864485431
9781865082813
9781877864872
9781878423160
9781878424310
9781879450974
9781881943037
9781881943099
9781882931033
9781882931163
9781882931293
9781883629007
9781884777813
9781885167774
9781887521390
9781887521512
9781887521734
9781890159238
9781891279010
9781891389221
9781891845048
9781892005014
9781893765481
9781894663663
9781897393604
9781898998952
9781899836024
9781901240054
9781901659948
9781903975091
9781904132226
9781905641741
9781905713110
9781905857081
9781907076282
9781907076299
9781907076305
9781907579691
9781908479235
9781908984227
9781909372337
9781909676794
9781910701881
9781911127611
9781925355857
9781930004047
9781930137004
9781931686013
9781931930260
9781932595291
9781932662405
9781933338927
9781934015209
9781934145005
9781935071273
9781935639138
9781936597420
9781936608546
9781936608645
9781936891306
9781937006655
9781937715502
9781937866242
9781940352718
9781941631843
9781941691236
9781942426059
9781942733850
9781944648381
9781945186486
9781946383266
9781947586529
9781975303112
9781975303129
9781975303143
9781975987374
9781976041952
9781976131172
9781976443497
9781976488320
9781976488320
9781977775498
9781980250234
9781980280675
9781980590347
9781982074647
9781982107215
9781982110833
9781982130930
9781983325748
9781986622318
9782100547012
9782234058873
9782764408780
9782764408797
9782764408810
9782764408827
9782764408834
9782764408865
9782764408872
9782817802886
9782842712792
9782940373543
9782940373901
9782940411290
9783030004576
9783030008123
9783030011222
9783030023836
9783030043599
9783030054342
9783030057602
9783030104719
9783030122201
9783030152055
9783030159467
9783030170752
9783030184032
9783030185374
9783030190651
9783030205942
9783030215293
9783030268954
9783030287856
9783110196412
9783110529289
9783175723998
9783319056081
9783319106878
9783319129518
9783319135410
9783319147901
9783319212807
9783319217345
9783319229713
9783319235424
9783319237954
9783319239323
9783319287140
9783319288949
9783319423531
9783319428239
9783319441467
9783319478302
9783319493695
9783319519319
9783319536903
9783319541174
9783319586816
9783319595214
9783319629087
9783319633626
9783319656304
9783319659626
9783319672311
9783319672465
9783319679372
9783319701516
9783319709802
9783319709833
9783319716510
9783319723976
9783319744087
9783319755557
9783319771250
9783319771427
9783319900858
9783319903194
9783319928364
9783319940298
9783319942797
9783319942858
9783319952246
9783319958361
9783319960852
9783319972626
9783319991061
9783319993973
9783527406012
9783527406265
9783527412822
9783540245469
9783540309918
9783540360469
9783540520924
9783540550136
9783642043321
9783642119422
9783642308819
9783642397240
9783658145194
9783658255497
9783662483664
9783662530832
9783662556436
9783764366100
9783822881606
9783828834385
9783834927804
9783847407119
9783895867231
9783947389018
9783952506905
9783956763182
9784040641249
9784040644486
9784040650975
9784040653013
9784040653471
9784040655345
9784040657370
9784040660493
9784040661667
9784040662084
9784040662206
9784040663098
9784040663210
9784040663340
9784040663937
9784040667188
9784040667553
9784040667805
9784040667904
9784040669618
9784040669960
9784040671222
9784040671307
9784040671802
9784040673554
9784040674124
9784040674681
9784040674858
9784040677804
9784040679655
9784040681177
9784040681214
9784040681771
9784040686271
9784040686387
9784040686769
9784040690513
9784040700663
9784040701431
9784040701516
9784040706948
9784040706955
9784040708294
9784040708492
9784040709277
9784040709284
9784040709291
9784040709420
9784040720623
9784040721866
9784040723259
9784040725703
9784040728216
9784040728223
9784040732671
9784041003237
9784041004951
9784041006702
9784041008607
9784041010204
9784041010617
9784041011102
9784041012420
9784041012970
9784041014332
9784041015704
9784041018668
9784041022689
9784041024386
9784041025765
9784041025772
9784041031001
9784041035399
9784041035405
9784041037485
9784041039533
9784041049921
9784041049938
9784041050057
9784041061091
9784041061114
9784041075548
9784047129740
9784047271456
9784047272989
9784047274136
9784047275430
9784047276697
9784047281523
9784047282353
9784047284517
9784047286894
9784047289543
9784047291737
9784047292598
9784047293571
9784047295698
9784047298095
9784047299269
9784047300378
9784047300842
9784047304734
9784047304741
9784047309029
9784047340893
9784047342101
9784047342309
9784047344518
9784047346796
9784047348455
9784047348486
9784047349476
9784047350182
9784047352216
9784047353930
9784047358850
9784048651905
9784048651912
9784048652056
9784048653077
9784048653794
9784048655668
9784048657501
9784048658188
9784048658836
9784048660235
9784048661614
9784048661638
9784048662178
9784048664288
9784048665056
9784048665544
9784048667753
9784048668651
9784048670623
9784048670685
9784048671262
9784048672108
9784048675222
9784048675925
9784048675956
9784048677608
9784048678094
9784048679053
9784048679336
9784048679350
9784048681407
9784048681933
9784048682763
9784048683265
9784048683920
9784048684521
9784048685993
9784048687638
9784048688291
9784048690942
9784048690959
9784048690966
9784048692526
9784048692540
9784048701327
9784048702652
9784048702676
9784048702706
9784048702744
9784048703864
9784048704311
9784048705479
9784048706858
9784048707299
9784048707336
9784048707527
9784048708159
9784048862714
9784048862745
9784048863445
9784048865623
9784048865968
9784048866330
9784048866545
9784048866972
9784048868990
9784048869775
9784048869904
9784048911573
9784048914062
9784048914079
9784048915298
9784048915557
9784048915809
9784048917469
9784048917506
9784048917575
9784048918541
9784048921183
9784048922500
9784048923552
9784048924870
9784048926669
9784048928915
9784048928922
9784048932325
9784048933971
9784048935722
9784048936132
9784048936194
9784048937979
9784062192026
9784062194501
9784063584844
9784063650402
9784063752038
9784063752113
9784063752373
9784063752557
9784063752717
9784063753066
9784063753233
9784063753370
9784063753592
9784063753608
9784063814118
9784063814330
9784063814385
9784063814613
9784063814798
9784063814873
9784063815139
9784063815412
9784063815429
9784063815573
9784063815894
9784063816198
9784063816433
9784065126455
9784065136263
9784065137963
9784065145937
9784074021581
9784074113293
9784074169306
9784074194087
9784074200092
9784074236633
9784074279227
9784074297894
9784074342990
9784074370108
9784074422296
9784094512625
9784094512861
9784094513042
9784094513325
9784094513561
9784094513806
9784094514025
9784094514513
9784094514827
9784094515237
9784094515589
9784094516746
9784094517620
9784431553519
9784434174742
9784434174759
9784434177026
9784434177033
9784434179372
9784434179389
9784434182396
9784434182402
9784434185755
9784434187278
9784434193125
9784434198922
9784434204289
9784434210068
9784434215780
9784434221200
9784434226984
9784434231230
9784434236839
9784434242175
9784434248122
9784434253942
9784434258015
9784434265174
9784575239454
9784575750027
9784575750195
9784575751413
9784575751666
9784575751949
9784770028556
9784770028884
9784770030481
9784789012010
9784789014403
9784789014434
9784797375534
9784797382037
9784797383126
9784797385083
9784797386158
9784797387520
9784797388343
9784797388466
9784797389340
9784797389555
9784797391589
9784797391596
9784797391619
9784797392340
9784797392814
9784797394603
9784797398090
9784798602394
9784798602981
9784798603360
9784798603810
9784798604237
9784798604725
9784798605388
9784798606002
9784798606675
9784798607313
9784798607696
9784798607986
9784798608372
9784798608709
9784798609119
9784798609454
9784798609584
9784798610139
9784798610184
9784798610276
9784798610658
9784798610764
9784798610948
9784798610955
9784798611174
9784798611488
9784798611723
9784798611990
9784798612294
9784798612348
9784798612454
9784798612799
9784798613253
9784798613291
9784798613307
9784798613635
9784798614151
9784798614328
9784798614717
9784798614786
9784798615325
9784798615516
9784798615974
9784798616209
9784798616513
9784798617053
9784798617138
9784798617350
9784798617732
9784798617886
9784798618258
9784798618432
9784798618609
9784798618883
9784798619453
9784798619484
9784798620411
9784805308783
9784805309926
9784805311707
9784805312049
9784805312551
9784805313350
9784815600266
9784815601874
9784815602772
9784815604271
9784829136232
9784829139387
9784840152754
9784840226462
9784840230001
9784840233026
9784840234511
9784840235167
9784840235884
9784840237239
9784840239332
9784840241144
9784840241694
9784840241847
9784840241861
9784864723428
9784864723473
9784864723978
9784865541045
9784865541373
9784865541670
9784865541762
9784865541779
9784865542042
9784865542394
9784865542400
9784865542561
9784865542929
9784865542967
9784865543100
9784865543520
9784865544183
9784865544527
9784865544992
9784865545364
9784872342178
9784889961157
9784889962215
9784896374599
9784896374735
9784896374889
9784896375022
9784896375077
9784896375381
9784896375428
9784896375619
9784896375664
9784896375749
9784896375770
9784896375848
9784896376005
9784896376081
9784896376128
9784896376302
9784896376395
9784896376708
9784896377507
9784896377538
9784896378306
9784896378641
9784907064433
9784907064440
9784925080286
9785030001258
9785406009581
9785406018002
9785699562985
9786000007003
9786026577177
9787111444046
9787111543428
9787301247372
9787560063058
9787561930762
9788120330207
9788120336353
9788120340695
9788120345928
9788120347380
9788120793217
9788120801639
9788120801646
9788120813182
9788120817777
9788120835481
9788121905510
9788121905527
9788121920506
9788121926171
9788122309065
9788122416046
9788122427141
9788122428919
9788122429152
9788123016740
9788123020778
9788123710310
9788125008088
9788125025962
9788125032267
9788125044826
9788129104656
9788129113672
9788129139016
9788129148063
9788131251430
9788131752777
9788132100805
9788132102236
9788132102250
9788132215448
9788132215899
9788132217947
9788132223429
9788132223948
9788170262244
9788170520009
9788170520146
9788170520528
9788170521518
9788170586128
9788171202218
9788171440337
9788172542214
9788173715860
9788174500960
9788174501127
9788174503718
9788174503954
9788174504913
9788174504920
9788174504937
9788174505118
9788174505170
9788174505187
9788174505200
9788174505330
9788174505361
9788174505378
9788174505385
9788174505484
9788174505507
9788174505958
9788174506139
9788174506344
9788174506443
9788174506511
9788174506528
9788174506542
9788174506559
9788174506627
9788174506726
9788174506788
9788174506931
9788174507020
9788174507075
9788174507099
9788174507112
9788174507143
9788174507150
9788174507242
9788174507280
9788174507341
9788174507532
9788174507631
9788174507709
9788174508126
9788174508164
9788174508256
9788174508294
9788174508386
9788175050426
9788175340121
9788178240329
9788179306543
9788179923573
9788180385599
9788180613142
9788180901560
9788184000870
9788184756715
9788184801798
9788185301952
9788185395272
9788185579658
9788185787084
9788185787152
9788185787947
9788186299623
9788186336045
9788186336144
9788186569443
9788187718215
9788187910459
9788188388257
9788189308117
9788189487867
9788189535513
9788189574802
9788189766603
9788190697217
9788191067378
9788192637525
9788192826431
9788193345504
9788193422601
9788193432006
9788409004225
9788429319958
9788461176397
9788472233867
9788535259117
9788580555776
9788580555936
9788832756913
9788847023154
9788927730781
9788956057194
9788973004812
9789004161528
9789004172029
9789004216952
9789004249882
9789004283947
9789004326460
9789004385184
9789004392519
9789027200730
9789027218094
9789027221896
9789027931047
9789048140343
9789074822664
9789171491763
9789171494375
9789210574136
9789211013504
9789231018022
9789332517646
9789332568723
9789332570306
9789339204785
9789339217921
9789339220839
9789350134191
9789350294727
9789350834893
9789351068037
9789351160502
9789351189329
9789351343530
9789351362173
9789351362449
9789351365921
9789351773979
9789351775386
9789351775393
9789352603459
9789352604067
9789352604883
9789352643929
9789352645381
9789352770984
9789352777631
9789352777693
9789352807130
9789352807963
9789353024802
9789353026004
9789353026042
9789353028473
9789353053765
9789353053789
9789353055417
9789353055424
9789353055868
9789353056711
9789353057138
9789353285401
9789353333430
9789353336851
9789353570057
9789353570194
9789353570705
9789374956656
9789380658742
9789380828695
9789380828824
9789381626344
9789381626689
9789381626825
9789381841297
9789382618348
9789382618676
9789383064014
9789383064113
9789384030575
9789384067106
9789384067885
9789385152146
9789385271663
9789386021120
9789386021571
9789386021588
9789386062802
9789386175335
9789386224620
9789386224767
9789386323279
9789386323446
9789386323453
9789386323507
9789386323965
9789386348715
9789386361011
9789386457561
9789386473356
9789386608284
9789386797650
9789386850645
9789386850713
9789387067547
9789387067653
9789387067677
9789387324671
9789387326941
9789387572867
9789387894570
9789387894686
9789387944893
9789388038669
9789388038751
9789388191791
9789388191845
9789388292382
9789388423243
9789389152197
9789400722804
9789401069601
9789402412093
9789630199766
9789748900759
9789810200558
9789810200565
9789810206253
9789810206260
9789810218928
9789810218935
9789810220778
9789810239176
9789810241247
9789811031700
9789811045516
9789811049316
9789811053191
9789811054235
9789811058332
9789811061035
9789811062162
9789811080098
9789811083082
9789811088414
9789811303838
9789811307935
9789811312403
9789811317149
9789811319891
9789811320880
9789811329272
9789811330254
9789811330582
9789811371134
9789811388514
9789812387448
9789812388599
9789812561251
9789812566171
9789812812346
9789812818775
9789812832993
9789813145993
9789813226166
9789814299640
9789814304955
9789814603690
9789814713641
9789881841940
9789993253273
9781512248777
9780241292457
9789353067571
9782764408889
9782764408841
9781847887801
9781440552526
9780871319340
9780429190674
9780553380422
9783030199470
9781435724372
9781615190096
9780811874687
9780446581295
9780811877046
9781452162225
9780446581356
9780446581356
9781440501487
9781465416070
9781442483736
9783319964898
9780313379680
9781402216060
9781402202704
9781609807726
9780970729019
9780008319984
9781615647972
9780953825448
9782940411047
9780897933803
9781465438041
9780756618285
9781465481795
9780756609221
9780756609290
9780756609207
9781465444936
9780756639983
9780756682125
9780756668860
9780756688165
9780756672638
9780756629083
9780756625931
9781465434166
9780756689216
9780756682644
9780756673932
9780756686734
9780789485496
9780789485557
9780756603236
9780789485564
9780756631352
9780756631345
9780756610999
9780756617493
9780756656010
9780756637637
9780756690564
9781465408532
9780241363188
9780756658359
9780756672140
9781465472816
9780756651930
9780756650421
9780756645908
9781465407764
9780756629380
9780789499035
9780789499059
9780756690427
9780756629441
9780756682590
9780756669959
9780756625849
9780756633721
9780756630188
9780756687106
9780756602871
9780756619855
9780756626266
9780756666286
9780756651398
9780756671884
9781465424648
9781465408433
9780756672317
9781405328944
9780756650940
9780756626150
9781465412188
9780756686833
9781564580160
9781581126556
9781405311069
9789332558717
9789332567887
9789332576018
9789332588400
9789353065812
9789353065874
9789332547032
9789332558694
9789332558700
9789332558724
9780060846732
9781592335558
9781573441995
9780471288213
9782940439669
9780061986895
9781983065637
9780240818948
9781540216168
9781592332908
9781592332908
9780349421827
9780789402394
9781844484263
9780767920582
9781612431864
9781589792883
9780786587216
9780766837645
9781592334865
9780757307478
9781138095243
9781634506519
9781615647965
9780857099211
9781501169199
9780823099696
9781419717963
9780989246118
9780822368663
9789389538472
9789332588035
9789332587359
9789353437701
9789332588028
9780060829995
9780822351450
9780889610972
9780738733456
9780789432940
9781568330372
9781630761905
9781300837107
9781510741690
9781351028264
9787540936259
9780671795023
9780061147890
9781451620825
9781400201655
9780762455980
9781592331826
9781592332311
9781935251729
9781843925569
9781592334988
9781612432298
9781612432755
9789352864614
9789353160234
9781592333349
9780679462989
9780240808536
9780240809960
9781592333561
9781592334568
9781592334568
9781573447799
9781573447805
9780851153810
9781602392403
9783319299310
9785790552434
9781569756584
9781569756584
9781569758236
9781569756737
9781569756737
9781569757062
9781612430225
9781612430225
9781569759233
9781569759233
9781569755655
9781569757864
9781138123199
9781111342845
9781465473899
9781465461193
9781465473561
9780679816607
9781465480248
9780756608583
9781465479396
9781260121087
9780472131143
9780078776021
9781119475439
9783319901909
9788131726860
9781576854280
9780321857897
9789027202376
9781413003963
9781850654476
9781641131971
9788131752883
9780357434741
9780231186827
9780873327725
9781498560887
9780764128158
9789352605750
9781138788329
9780062130884
9783030304997
9781118107386
9781633226234
9781138549432
9781927166529
9781498548823
9780393634532
9781925384604
9780692416952
9780674986381
9780789749260
9780807013816
9781522865209
9781479838608
9781786781413
9781138656734
9781849381598
9783319260921
9780793567584
9780486466187
9789718994900
9781983388705
9783030274382
9780815384106
9783319634432
9781503217041
9780470666036
9781608310043
9783319952000
9780764551055
9780128035207
9780757323607
9781522918981
9789811378195
9781362724827
9780020768708
9781719846585
9781561841905
9781523287222
9780769292649
9780814438268
9781118899991
9781523508501
9780495599111
9781118646779
9780486320649
9789825320111
9783030329914
9780190629175
9781623157142
9781423480600
9781838824914
9780231120135
9781789348460
9781682260869
9780958907507
9780195120974
9780061850578
9781484984079
9780143133155
9781594488016
9781484251201
9789811510403
9780470838389
9781119022916
9781592535637
9781935247012
9781949036206
9780815393924
9780882846750
9780582529977
9781452166650
9780821446843
9781617042119
9781454928102
9780785820833
9781514342022
9781910403709
9781452105512
9781632635099
9781937994334
9781616491024
9781400064694
9780316439589
9781901507003
9781901507003
9781498782203
9780968970218
9781783273256
9780671775308
9781493035359
9781402018718
9780634066511
9780984191406
9780007155002
9781631590498
9780415715973
9789812389886
9781949481075
9781452173436
9780557036486
9781476762098
9780060538255
9780804138086
9780062026064
9780393064643
9781785780806
9780062666970
9780964596009
9781451685787
9781904768234
9780367223922
9780241242377
9781119588054
9780470100349
9781601381255
9780671733353
9781119564416
9789353064808
9789352861965
9783658251345
9780596155797
9780439827607
9780470292891
9780062502179
9783668773509
9780071478137
9783827245397
9781119628323
9781838005306
9781484249789
9781491931554
9781783983285
9781788839358
9781484207826
9781484200384
9781484200384
9781783983025
9781783983025
9781491954461
9781789530179
9781484226223
9781787281080
9781484239902
9781484257388
9781484239384
9783319064246
9781680502886
9781617294747
9781789958096
9781838821098
9781788995849
9781484242483
9781789808735
9781789133042
9781789346572
9781484216576
9781484253939
9781484242452
9781986338820
9781786465757
9781788830775
9781484248904
9781617293856
9781484251485
9781786466174
9781680505467
9781484254332
9781351108195
9781138700109
9780688083441
9781612125336
9781782557524
9781465444172
9780736083713
9781492544494
9781641523592
9780062416384
9781450481151
9780760357613
9780767925396
9780470415801
9781465459152
9781465444172
9781682033074
9781782550952
9781937715854
9781440570070
9780470262788
9781782557531
9781492536932
9781782556824
9781841267548
9780760352717
9781937715311
9781782550860
9783030223564
9781450460026
9789353054878
9780062332554
9780060191443
9780143039822
9780140443943
9783822815144
9781592536771
9781607747062
9780399580802
9780756698201
9780670312559
9782940373758
9781780672304
9783540559498
9780520270763
9780071811262
9780572028824
9781101636954
9780141913797
9781585422197
9780814437629
9781584282280
9781587613715
9781600614620
9781593156329
9780135262160
9780134308111
9780750660778
9781518911668
9780823013685
9780823013760
9780823015870
9781856694629
9780764124730
9780525948360
9780486780405
9780140436310
9780140432688
9780140436143
9780307951526
9781936096992
9781600853357
9781907579196
9780896725072
9780814770399
9781780676036
9780715315255
9781442217355
9780393057485
9781519037558
9781587613371
9781890159351
9780762415335
9789054960805
9781577314806
9780195052060
9781591844617
9780814794180
9781592538379
9781446304365
9782915309317
9781580176255
9780465053995
9781780673073
9781427799777
9781780671048
9780756619374
9783822820353
9781780673349
9780486228709
9780143105954
9780316440356
9780966711301
9781781575789
9780241253045
9781584282259
9781451699371
9781501118739
9781440335471
9784798123974
9781608952267
9780140449020
9781401604653
9781401604714
9780060927936
9782940411153
9781882926411
9780141442129
9781405190183
9780823006571
9780135015575
9781405139526
9780140446036
9781633221376
9781780670935
9780143131274
9780395530078
9783822812068
9781608957286
9781592538218
9781628738766
9781592536320
9781584289913
9780140449334
9781119978114
9780749442996
9781624090127
9780241339466
9781524705701
9781631592690
9781588367518
9781491010563
9780393652376
9783836538282
9781608955701
9780062345844
9780061577093
9780307586759
9783822865224
9781841263519
9781502329974
9781500848156
9780446526418
9781328972354
9780141395937
9780060776657
9780062080417
9780470017739
9780471268673
9780804186384
9781607749486
9780263061055
9780810965065
9781929667000
9780715306468
9781907579196
9780823023752
9780312361655
9780857625182
9780756651411
9780738213965
9781402776021
9784706978023
9781631590139
9780609802021
9781631590658
9781937538095
9780321767530
9783822838570
9780486779980
9780143107200
9781401603359
9780425176405
9781847973733
9784579113279
9781931160698
9780770434144
9780684313948
9781119967170
9781405175678
9780857853103
9780847817047
9780486476582
9780415057806
9781788627900
9781581803594
9781119199724
9780823015771
9780823015771
9781619870000
9781462907090
9781462905812
9780486146409
9781856697453
9780713688696
9780198811886
9781440339943
9780385346238
9780385346238
9781427194664
9780367366438
9786666666668
9781780674728
9780062215994
9780804831949
9780764146282
9781789533736
9781621313328
9781292024813
9780135018767
9783319755014
9780486136837
9782940411528
9781440342851
9780486267234
9780823013869
9780823013869
9781530106110
9781076190581
9780399581984
9780398011840
9780415793414
9780201386233
9781452115351
9781598633283
9781598633283
9780823001194
9781440337567
9783319772059
9781633222052
9780470655771
9781592537136
9789197775724
9780957664982
9784805312827
9781592537150
9781631593062
9782940439041
9780958239172
9780470068175
9782940439478
9780073385891
9780367218430
9783030168766
9780240805344
9780240811840
9780240805344
9780240811840
9781592536986
9781484240892
9781484242995
9781118766576
9781980390978
9780776627915
9781484237595
9781491933749
9781491933824
9781491933749
9781787125520
9781498775502
9781119433385
9781260108415
9781138365292
9781107191983
9781484249383
9780465050659
9781449303716
9781484238103
9781788990820
9780357108239
9780538469197
9780123850300
9781788992664
9781449374358
9781484216873
9784889960723
9780824831677
9780824833237
9780824836566
9780824835927
9780824835927
9780870407482
9780870409318
9780321683687
9781785887420
9781080762200
9781492055310
9781299856592
9781119485476
9780273744634
9781984822369
9781787120556
9783319687797
9780367313371
9780980455243
9789811503603
9781839213335
9781108480567
9780124116443
9789811382680
9781787281868
9781788838849
9780321772848
9780321815385
9781484238905
9781091233997
9780321965516
9780008348977
9780134801148
9781484242261
9781788830737
9781788837361
9781788622059
9781491939703
9783662557723
9781498748117
9780198844686
9783319999296
9781138197268
9783030197728
9780176587192
9783319938547
9783527413669
9783319981703
9784431553779
9781482242041
9783110645101
9783030107574
9783030276614
9781108426091
9781315328553
9781484231760
9780226299839
9781512275063
9781939210005
9780824833640
9780273721741
9780199216802
9784805311677
9781937707255
9780804839365
9781593278960
9780323462242
9780323375733
9780323185950
9781455758982
9781937707316
9781462914685
9780804837279
9780804837385
9780804837385
9780804837392
9781623360801
9789353282622
9781438471761
9781137589088
9781438465012
9780226424095
9781107118560
9789351772309
9788172238452
9788184953664
9781771176934
9781848403314
9781601823045
9781931368254
9780070680883
9781848856325
9780060899189
9780415350945
9780713998559
9781349624799
9789401181594
9789401503464
9781501172410
9780199958191
9781349484331
9781442226357
9780801449932
9780815702900
9781845116378
9789812564146
9780195162080
9781610161008
9783030247966
9781138682269
9780367253325
9781472424143
9780203192276
9783030299217
9781860646621
9780415144087
9780521818865
9780521837668
9780415701389
9780521865609
9780192801579
9783030216023
9783030060244
9780190947842
9780198803164
9781107040076
9780801488238
9780813345383
9780813367682
9780813350356
9780813349169
9780801444241
9780521711104
9780691134345
9780275992149
9780714657318
9781584282495
9781448848003
9781440353161
9781641524537
9781646111848
9780060933586
9781616897642
9780446559904
9780399532344
9781626236523
9780323511148
9780738218212
9780738219080
9780385348515
9781451186277
9781932603910
9780763730413
9781861563576
9780201523416
9781421410630
9781491010501
9781440510809
9781592333912
9781627881180
9781627881203
9781402205170
9780767916578
9780767916561
9781555837525
9781890159481
9781612430287
9781631910104
9781608956029
9781608955527
9781608952700
9781584282723
9780132928687
9781592536313
9783319748344
9781573440288
9783939566106
9780253219183
9781568581170
9780122272455
9788544100172
9780275985813
9781350043787
9780253334114
9780313329685
9780307277787
9780470045237
9780415956383
9780415371803
9781591840213
9780203935774
9780203869451
9780195393897
9780674010284
9780312187569
9783442104758
9780028629025
9780786435135
9780688033019
9781741141597
9781572307001
9780751307047
9780789471437
9780060598785
9780060394158
9780071494809
9780966963908
9781402203015
9780814799680
9780275957704
9780735200586
9781844420766
9780899974323
9780312316303
9780415571821
9780275987671
9780415132336
9783831001187
9781561840441
9781402203527
9780313329685
9780805857498
9783642021541
9780465031276
9780060581473
9781840680614
9780310256588
9781402218309
9780062516794
9781879181748
9780231511391
9780595360079
9780307463630
9780195327830
9780807859452
9780310273561
9781845118273
9781577944560
9780230524668
9781444332940
9781931219006
9780415770057
9780061192036
9780061547331
9781402224546
9780814776049
9780226016061
9780789468376
9780061192050
9781567183948
9781905170784
9781595800282
9780062847058
9780525536031
9781780996073
9781483166759
9781461465782
9780313362545
9781876756604
9781550224238
9781905170791
9780061479656
9781585442560
9781564149213
9780231106436
9781402224539
9780897935012
9780816640065
9780060751388
9780195188127
9781905170791
9780203420379
9781569246245
9781416539667
9781840241914
9781840243789
9781402211324
9781843103745
9781589830745
9781402206863
9780756639808
9780312976569
9781842776803
9780230549340
9780756671570
9780756671471
9780062012982
9780802120076
9780140245486
9781564585097
9780517549483
9781460981733
9780313362897
9781633227293
9781612438634
9781409172550
9780399579202
9781633225947
9781631594854
9788743002543
9781631581298
9781441321855
9781462905928
9780470117712
9781593080174
9780804839440
9781580627764
9780813330853
9780385292160
9781853267796
9784805314760
9781780428765
9780749006587
9781570627484
9780517415283
9781444187106
9781594203510
9780872209190
9781605989662
9780679720195
9780471237129
9781594200823
9782756018027
9781492069935
9781492023425
9781491930212
9781484257500
9781839219795
9781492033394
9781119576242
9781949443998
9783319749525
9781472585530
9780486444260
9781849945387
9781478140917
9783842274556
9788996301400
9781602642447
9780826217516
9781432561857
9780375705090
9784797390292
9784798615097
9784434189678
9784434194344
9784434198939
9784798615714
9784434203404
9784040730233
9784797392999
9784798616537
9784797392661
9780321125217
9781733764148
9781484255025
9781982126827
9781119593935
9781465476685
9781119541417
9781465484789